major minor  #blocks  name

   1        0       8192 ram0
   1        1       8192 ram1
   1        2       8192 ram2
   1        3       8192 ram3
   1        4       8192 ram4
   1        5       8192 ram5
   1        6       8192 ram6
   1        7       8192 ram7
   1        8       8192 ram8
   1        9       8192 ram9
   1       10       8192 ram10
   1       11       8192 ram11
   1       12       8192 ram12
   1       13       8192 ram13
   1       14       8192 ram14
   1       15       8192 ram15
 254        0    3145728 zram0
   8        0  124944384 sda
   8        1       4608 sda1
   8        2       7680 sda2
   8        3      20480 sda3
   8        4       8192 sda4
   8        5       8192 sda5
   8        6        512 sda6
   8        7      20480 sda7
   8        8       8192 sda8
   8        9       4096 sda9
   8       10       2048 sda10
   8       11       4096 sda11
   8       12       8192 sda12
   8       13       8192 sda13
   8       14      56320 sda14
   8       15      66048 sda15
 259        0      51200 sda16
 259        1       1024 sda17
 259        2        512 sda18
 259        3       1024 sda19
 259        4      16384 sda20
 259        5      16384 sda21
 259        6      16384 sda22
 259        7         64 sda23
 259        8       1472 sda24
 259        9    4915200 sda25
 259       10     614400 sda26
 259       11     303104 sda27
 259       12     307200 sda28
 259       13      51200 sda29
 259       14       5120 sda30
 259       15      20480 sda31
 259       16  118386688 sda32
   8       16       4096 sdb
   8       32       4096 sdc
   8       48       8192 sdd
   8       49       6144 sdd1
   8       64       8192 sde
